Accuracy: 0.9968165230219738
Precision: 0.9979011947045527
Recall: 0.9954904171364148
F1-score: 0.9966943481415786
