Accuracy: 0.9965226030799801
Precision: 0.9969040247678018
Recall: 0.9958762886597938
F1-score: 0.9963898916967509
