Accuracy: 0.6431924882629108
Precision: 0.6698113207547169
Recall: 0.7334710743801653
F1-score: 0.7001972386587771
