Accuracy: 0.9965835856821181
Precision: 0.9982220785518021
Recall: 0.9946851344822033
F1-score: 0.9964504678928687
